the mean of prob-rank is 1.5263157894736843
the number of false negetive edges is 0
the number of probability greater than 0 is 3.3/edge
TYPE: Probability
DIMENSIOn: 20
 0.000000 0.000000 0.000000 0.000000 0.000000 0.000000 0.000000 0.500073 0.000000 0.000000 0.000000 0.000000 0.000000 0.000000 0.000000 0.000000 0.499927 0.000000 0.000001 0.000000
 0.000000 0.000000 0.000002 0.000000 0.000000 0.000000 0.000000 0.000000 0.000000 0.000000 0.000000 0.011956 0.000000 0.493329 0.000000 0.494713 0.000000 0.000000 0.000000 0.000000
 0.000000 0.000002 0.000000 0.000000 0.000000 0.316888 0.000000 0.000000 0.010520 0.000000 0.000000 0.287319 0.000000 0.000000 0.000000 0.000000 0.000000 0.385271 0.000000 0.000000
 0.000000 0.000000 0.000000 0.000000 0.000000 0.000000 0.000000 0.000000 0.000000 0.000000 0.499999 0.000000 0.500001 0.000000 0.000000 0.000000 0.000000 0.000000 0.000000 0.000000
 0.000000 0.000000 0.000000 0.000000 0.000000 0.035732 0.000000 0.000000 0.000000 0.481040 0.000000 0.000000 0.000000 0.000000 0.483228 0.000000 0.000000 0.000000 0.000000 0.000000
 0.000000 0.000000 0.290865 0.000000 0.026144 0.000000 0.000000 0.000000 0.000000 0.000000 0.000000 0.348387 0.000000 0.302271 0.000000 0.000000 0.000000 0.032333 0.000000 0.000000
 0.000000 0.000000 0.000000 0.000000 0.000000 0.000000 0.000000 0.000000 0.000000 0.000000 0.500000 0.000000 0.000000 0.000000 0.000000 0.000000 0.000000 0.000000 0.500000 0.000000
 0.500029 0.000000 0.000000 0.000000 0.000000 0.000000 0.000000 0.000000 0.000000 0.000000 0.000000 0.000000 0.000000 0.000000 0.000000 0.000000 0.000000 0.000000 0.499971 0.000000
 0.000000 0.000000 0.013540 0.000000 0.000000 0.000000 0.000000 0.000000 0.000000 0.000011 0.000000 0.000000 0.000000 0.000000 0.495908 0.000000 0.000000 0.490540 0.000000 0.000000
 0.000000 0.000000 0.000000 0.000000 0.492529 0.000000 0.000000 0.000000 0.000011 0.000000 0.000000 0.000000 0.000091 0.000000 0.012500 0.000000 0.000000 0.000000 0.000000 0.494869
 0.000000 0.000000 0.000000 0.499999 0.000000 0.000000 0.500001 0.000000 0.000000 0.000000 0.000000 0.000000 0.000000 0.000000 0.000000 0.000000 0.000000 0.000000 0.000000 0.000000
 0.000000 0.009894 0.305302 0.000000 0.000000 0.403314 0.000000 0.000000 0.000000 0.000000 0.000000 0.000000 0.000000 0.277110 0.000000 0.000000 0.000000 0.004380 0.000000 0.000000
 0.000000 0.000000 0.000000 0.499954 0.000000 0.000000 0.000000 0.000000 0.000000 0.000092 0.000000 0.000000 0.000000 0.000000 0.000000 0.000000 0.000000 0.000000 0.000000 0.499954
 0.000000 0.394297 0.000000 0.000000 0.000000 0.337977 0.000000 0.000000 0.000000 0.000000 0.000000 0.267646 0.000000 0.000000 0.000000 0.000080 0.000000 0.000000 0.000000 0.000000
 0.000000 0.000000 0.000000 0.000000 0.493668 0.000000 0.000000 0.000000 0.493768 0.012473 0.000000 0.000000 0.000000 0.000000 0.000000 0.000000 0.000000 0.000091 0.000000 0.000000
 0.000000 0.499950 0.000000 0.000000 0.000000 0.000000 0.000000 0.000000 0.000000 0.000000 0.000000 0.000000 0.000000 0.000101 0.000000 0.000000 0.499950 0.000000 0.000000 0.000000
 0.499927 0.000000 0.000000 0.000000 0.000000 0.000000 0.000000 0.000000 0.000000 0.000000 0.000000 0.000000 0.000000 0.000000 0.000000 0.500073 0.000000 0.000000 0.000000 0.000000
 0.000000 0.000000 0.478128 0.000000 0.000000 0.043716 0.000000 0.000000 0.472952 0.000000 0.000000 0.005116 0.000000 0.000000 0.000088 0.000000 0.000000 0.000000 0.000000 0.000000
 0.000001 0.000000 0.000000 0.000000 0.000000 0.000000 0.500029 0.499971 0.000000 0.000000 0.000000 0.000000 0.000000 0.000000 0.000000 0.000000 0.000000 0.000000 0.000000 0.000000
 0.000000 0.000000 0.000000 0.000000 0.000000 0.000000 0.000000 0.000000 0.000000 0.500000 0.000000 0.000000 0.500000 0.000000 0.000000 0.000000 0.000000 0.000000 0.000000 0.000000
