Number_of_Instances_In_Current_Batch: 1

Inst_Index:1 	 City_Num:200 	 Concorde:10.796560 	 MCTS:10.842185 Improve:-0.045626 	 Time:20.00 Seconds
Solution: 1 69 153 39 113 59 170 108 21 93 136 115 155 122 73 135 127 30 198 6 199 84 71 125 183 186 75 51 12 112 182 111 173 17 190 165 149 67 98 110 89 116 131 18 191 104 172 145 22 99 72 64 157 158 70 114 200 187 34 43 58 37 14 103 35 95 96 46 86 10 178 143 129 168 134 196 32 138 85 44 171 78 132 9 146 177 148 193 42 180 137 66 144 87 54 13 169 11 120 163 81 156 162 117 45 79 63 195 102 80 105 197 176 159 194 166 130 101 41 52 124 19 185 36 140 90 2 192 147 142 161 150 97 119 60 92 7 65 184 160 48 55 25 74 106 94 188 141 23 88 154 151 4 109 123 152 83 91 61 40 82 179 62 107 49 8 133 31 28 175 57 15 47 53 24 56 50 33 189 76 27 164 128 118 181 100 68 77 139 126 26 29 121 38 5 174 167 3 16 20 


Avg_Concorde_Distance: 10.796560 Avg_MCTS_Distance: 10.842185 Avg_Gap: 0.004226 Total_Time: 20.05 Seconds 
 Beat_Best_Known_Times: 0 Match_Best_Known_Times: 0 Miss_Best_Known_Times: 1 
