Number_of_Instances_In_Current_Batch: 1

Inst_Index:8 	 City_Num:200 	 Concorde:10.557479 	 MCTS:10.574124 Improve:-0.016645 	 Time:20.06 Seconds
Solution: 1 13 12 59 175 68 180 120 155 127 29 152 169 102 139 79 194 94 154 101 178 43 190 83 51 143 7 61 105 170 140 87 148 129 158 145 50 35 39 92 57 56 48 130 113 41 90 193 81 93 187 124 162 172 38 82 40 142 46 103 37 173 168 128 182 166 106 99 183 80 4 5 21 108 176 49 134 121 85 75 110 16 131 167 104 135 179 36 160 20 67 185 136 115 6 188 15 153 163 27 76 66 71 165 197 32 156 77 116 144 122 164 65 195 73 88 191 25 55 150 189 63 171 44 17 8 98 114 109 3 123 58 30 125 149 159 118 64 133 184 45 72 97 28 141 161 84 138 117 119 33 100 18 31 24 42 11 52 157 95 107 126 26 132 192 19 69 22 199 112 198 86 146 54 177 47 186 196 10 9 91 111 70 62 181 53 78 74 137 60 151 34 174 14 2 89 147 23 200 96 


Avg_Concorde_Distance: 10.557479 Avg_MCTS_Distance: 10.574124 Avg_Gap: 0.001577 Total_Time: 20.09 Seconds 
 Beat_Best_Known_Times: 0 Match_Best_Known_Times: 0 Miss_Best_Known_Times: 1 
