Number_of_Instances_In_Current_Batch: 1

Inst_Index:7 	 City_Num:200 	 Concorde:10.658931 	 MCTS:10.651904 Improve:0.007027 	 Time:20.00 Seconds
Solution: 1 80 26 63 98 41 167 69 192 6 102 174 154 65 19 184 18 101 139 61 86 114 47 200 2 122 44 157 58 188 17 141 82 91 127 22 20 72 128 57 181 66 56 31 126 59 187 179 105 145 23 55 9 125 68 108 76 172 110 104 99 67 16 123 107 164 77 175 96 81 45 5 115 24 131 50 28 62 48 93 199 153 136 38 39 97 177 138 124 158 13 64 149 94 70 78 189 8 135 92 148 132 112 14 118 191 168 151 171 111 29 95 40 27 46 197 155 88 190 195 85 183 150 74 182 3 137 147 11 32 103 194 146 170 79 15 159 196 133 113 53 4 198 43 100 161 144 166 87 160 169 116 21 60 37 12 152 89 109 52 185 129 140 84 51 178 173 121 186 119 117 90 75 162 163 142 130 34 180 33 30 83 165 73 176 71 36 193 25 134 42 143 10 35 106 7 120 156 49 54 


Avg_Concorde_Distance: 10.658931 Avg_MCTS_Distance: 10.651904 Avg_Gap: -0.000659 Total_Time: 20.04 Seconds 
 Beat_Best_Known_Times: 1 Match_Best_Known_Times: 0 Miss_Best_Known_Times: 0 
