Number_of_Instances_In_Current_Batch: 1

Inst_Index:2 	 City_Num:200 	 Concorde:10.315055 	 MCTS:10.310837 Improve:0.004218 	 Time:20.00 Seconds
Solution: 1 154 193 10 3 192 108 145 155 70 181 134 77 122 46 157 162 67 21 85 177 65 116 178 176 26 167 109 98 182 132 20 133 184 74 180 142 88 137 186 131 53 161 56 138 135 125 197 18 141 32 113 153 43 110 13 33 66 63 144 82 24 158 22 117 90 195 143 83 81 15 106 6 130 101 164 64 17 16 156 76 198 96 115 28 190 120 41 40 191 196 159 75 97 36 146 52 147 127 107 185 44 199 87 69 124 175 86 84 100 104 112 27 174 150 121 119 12 35 102 14 39 89 19 55 118 73 57 165 172 80 105 60 128 200 170 42 103 34 48 140 183 45 126 94 139 78 123 187 95 188 93 168 166 2 171 5 49 31 4 179 23 59 151 79 160 62 136 129 61 169 38 163 8 111 91 47 173 9 194 58 114 72 30 152 68 29 92 11 189 71 54 148 50 7 149 51 37 25 99 


Avg_Concorde_Distance: 10.315055 Avg_MCTS_Distance: 10.310837 Avg_Gap: -0.000409 Total_Time: 20.03 Seconds 
 Beat_Best_Known_Times: 1 Match_Best_Known_Times: 0 Miss_Best_Known_Times: 0 
