Number_of_Instances_In_Current_Batch: 1

Inst_Index:3 	 City_Num:200 	 Concorde:10.745086 	 MCTS:10.739151 Improve:0.005935 	 Time:20.04 Seconds
Solution: 1 75 117 122 67 63 169 83 53 99 34 125 90 194 70 185 27 25 127 44 173 5 138 91 72 26 84 200 160 14 85 68 47 32 142 31 137 93 116 167 60 11 175 165 102 35 195 144 149 186 96 61 77 143 69 15 100 192 82 24 111 19 162 51 109 17 108 54 6 136 196 131 33 113 179 78 43 107 145 105 8 89 126 187 180 66 166 56 87 129 197 190 98 73 50 30 22 163 123 81 65 20 4 55 132 10 174 150 183 121 156 112 171 118 23 57 189 36 62 49 37 184 2 39 46 71 182 140 45 103 158 80 74 79 9 3 13 198 101 21 177 110 188 153 16 104 29 172 124 92 159 154 76 115 147 64 146 12 119 152 134 168 38 191 95 106 176 114 161 58 59 135 120 178 155 141 193 133 86 181 52 41 42 97 28 48 164 88 40 157 170 139 151 128 199 18 130 7 94 148 


Avg_Concorde_Distance: 10.745086 Avg_MCTS_Distance: 10.739151 Avg_Gap: -0.000552 Total_Time: 20.07 Seconds 
 Beat_Best_Known_Times: 1 Match_Best_Known_Times: 0 Miss_Best_Known_Times: 0 
