Number_of_Instances_In_Current_Batch: 1

Inst_Index:5 	 City_Num:200 	 Concorde:10.683922 	 MCTS:10.714192 Improve:-0.030269 	 Time:20.01 Seconds
Solution: 1 28 41 62 100 122 185 67 142 120 113 171 81 187 85 193 109 91 60 168 40 86 22 89 5 123 135 117 6 84 183 161 133 144 7 108 3 21 126 137 164 27 110 138 170 184 132 37 55 2 160 12 156 167 54 68 124 25 80 145 178 153 163 45 94 90 33 121 150 186 199 92 159 39 98 141 169 196 32 82 182 192 75 46 18 71 189 166 9 26 103 190 13 195 96 177 36 106 35 139 52 146 101 64 76 128 8 65 148 198 30 15 42 4 56 119 23 87 154 34 83 99 131 72 127 11 152 79 197 51 63 155 172 115 104 48 69 191 200 47 129 16 31 176 158 50 174 111 140 157 58 10 77 14 165 73 118 29 136 134 24 70 130 78 181 19 125 53 105 112 95 43 97 143 17 116 114 20 59 93 49 162 66 151 188 102 180 149 194 57 107 179 88 44 147 38 173 175 61 74 


Avg_Concorde_Distance: 10.683922 Avg_MCTS_Distance: 10.714192 Avg_Gap: 0.002833 Total_Time: 20.05 Seconds 
 Beat_Best_Known_Times: 0 Match_Best_Known_Times: 0 Miss_Best_Known_Times: 1 
