Number_of_Instances_In_Current_Batch: 1

Inst_Index:6 	 City_Num:200 	 Concorde:10.671226 	 MCTS:10.681986 Improve:-0.010760 	 Time:20.03 Seconds
Solution: 1 6 152 17 54 189 96 53 27 112 39 11 158 125 187 168 141 83 86 21 191 92 177 97 38 143 15 61 184 178 75 188 103 167 50 108 129 154 134 91 100 40 22 20 120 65 79 169 88 55 165 116 163 60 176 105 26 87 171 48 114 172 118 71 84 30 148 25 186 102 5 64 137 67 192 62 131 58 180 63 181 56 128 173 42 132 45 110 144 199 41 9 130 77 72 73 124 121 31 127 194 29 170 136 93 18 140 156 74 44 153 139 81 111 10 78 197 89 150 151 174 33 183 19 159 133 66 147 85 95 101 12 190 149 82 157 161 34 90 145 14 122 115 49 51 35 179 123 117 99 146 47 138 185 69 119 23 135 24 193 182 13 37 113 94 8 98 4 175 16 106 142 126 104 200 196 195 43 52 164 2 198 76 32 59 7 70 46 36 3 68 166 162 80 57 155 28 107 109 160 


Avg_Concorde_Distance: 10.671226 Avg_MCTS_Distance: 10.681986 Avg_Gap: 0.001008 Total_Time: 20.07 Seconds 
 Beat_Best_Known_Times: 0 Match_Best_Known_Times: 0 Miss_Best_Known_Times: 1 
