Number_of_Instances_In_Current_Batch: 2

Inst_Index:51 	 City_Num:100 	 Concorde:7.528568 	 MCTS:7.518847 Improve:0.009721 	 Time:10.00 Seconds
Solution: 1 31 4 58 56 33 88 27 62 32 59 87 54 38 90 68 35 69 92 71 61 57 93 15 20 12 55 70 26 39 72 5 65 73 82 78 74 63 14 84 97 17 37 89 48 51 3 83 43 98 19 86 66 50 95 6 46 40 29 94 96 99 52 7 42 76 11 85 79 2 81 23 67 60 49 91 13 77 80 24 9 64 10 28 22 41 30 34 21 8 100 75 16 44 47 53 45 36 25 18 

Inst_Index:52 	 City_Num:100 	 Concorde:7.755259 	 MCTS:7.754943 Improve:0.000316 	 Time:10.01 Seconds
Solution: 1 86 17 61 83 65 32 80 20 71 76 6 2 96 72 68 14 16 66 50 36 82 99 74 24 33 95 41 89 77 45 21 43 28 67 94 11 53 69 51 5 34 48 98 79 38 13 88 92 42 8 87 9 19 12 64 15 78 27 97 91 29 56 90 30 49 25 18 4 57 39 63 23 26 3 37 31 58 73 44 62 75 59 93 81 10 55 84 7 22 40 70 35 52 100 46 47 85 60 54 


Avg_Concorde_Distance: 7.641913 Avg_MCTS_Distance: 7.636895 Avg_Gap: -0.000666 Total_Time: 117.79 Seconds 
 Beat_Best_Known_Times: 2 Match_Best_Known_Times: 0 Miss_Best_Known_Times: 0 
