Number_of_Instances_In_Current_Batch: 2

Inst_Index:63 	 City_Num:100 	 Concorde:7.693999 	 MCTS:7.692863 Improve:0.001137 	 Time:10.01 Seconds
Solution: 1 50 95 63 54 78 65 23 97 67 45 24 25 19 26 28 39 6 91 77 35 73 33 21 75 83 66 90 7 70 76 79 64 32 10 9 55 11 69 16 99 60 62 52 42 40 53 31 82 3 8 29 98 58 48 37 74 59 22 71 27 51 20 44 81 86 18 13 85 5 38 30 94 88 47 57 2 14 15 36 17 68 89 100 41 93 12 56 4 43 84 92 80 87 96 34 61 49 46 72 

Inst_Index:64 	 City_Num:100 	 Concorde:8.169397 	 MCTS:8.170358 Improve:-0.000960 	 Time:10.01 Seconds
Solution: 1 60 33 61 14 48 50 57 36 91 27 7 42 37 64 43 24 56 38 75 32 51 84 70 12 87 73 80 45 85 82 13 98 74 22 55 97 6 41 58 4 31 11 26 47 25 29 62 72 95 10 16 77 89 2 96 99 90 92 100 63 46 35 49 30 53 83 67 59 18 52 81 65 15 5 44 69 86 28 71 79 20 40 39 93 68 23 34 8 66 17 94 21 3 9 76 19 54 78 88 


Avg_Concorde_Distance: 7.931698 Avg_MCTS_Distance: 7.931610 Avg_Gap: -0.000015 Total_Time: 128.28 Seconds 
 Beat_Best_Known_Times: 1 Match_Best_Known_Times: 0 Miss_Best_Known_Times: 1 
