Number_of_Instances_In_Current_Batch: 2

Inst_Index:53 	 City_Num:100 	 Concorde:7.581902 	 MCTS:7.584548 Improve:-0.002646 	 Time:10.01 Seconds
Solution: 1 54 95 66 89 26 24 70 40 30 46 27 56 51 37 13 18 14 88 53 79 63 98 99 31 38 52 44 59 86 100 45 7 41 12 69 43 16 96 83 35 3 23 72 10 80 87 6 67 77 20 28 4 39 82 71 29 74 21 32 62 9 60 36 97 15 49 50 57 2 61 91 68 8 34 55 73 84 93 94 48 92 22 75 5 42 81 90 19 17 85 65 11 25 64 58 76 78 33 47 

Inst_Index:54 	 City_Num:100 	 Concorde:7.424333 	 MCTS:7.419349 Improve:0.004983 	 Time:10.00 Seconds
Solution: 1 56 32 5 42 75 67 68 100 43 46 13 24 19 53 89 81 57 44 16 54 91 62 60 11 6 66 17 23 49 70 87 34 69 58 27 33 83 15 21 90 31 12 64 8 37 97 18 10 95 2 92 71 65 29 20 26 47 28 72 77 4 7 35 94 63 9 59 45 39 3 76 74 96 36 85 40 78 14 73 50 84 52 86 61 55 38 30 82 51 48 79 93 25 41 98 99 80 22 88 


Avg_Concorde_Distance: 7.503117 Avg_MCTS_Distance: 7.501948 Avg_Gap: -0.000161 Total_Time: 105.22 Seconds 
 Beat_Best_Known_Times: 1 Match_Best_Known_Times: 0 Miss_Best_Known_Times: 1 
