Number_of_Instances_In_Current_Batch: 2

Inst_Index:13 	 City_Num:100 	 Concorde:7.760816 	 MCTS:7.760816 Improve:0.000000 	 Time:10.01 Seconds
Solution: 1 81 95 18 64 73 76 42 100 74 40 89 41 14 20 63 58 38 50 88 71 17 49 96 77 55 4 32 23 13 5 68 33 15 57 47 25 84 70 30 59 87 67 11 83 16 54 97 19 43 61 52 72 35 82 62 92 9 39 94 37 53 99 80 44 29 85 3 28 78 21 93 10 31 66 56 34 46 36 12 51 6 98 90 24 91 26 48 45 27 7 79 2 8 75 69 65 22 86 60 

Inst_Index:14 	 City_Num:100 	 Concorde:7.666344 	 MCTS:7.663014 Improve:0.003330 	 Time:10.02 Seconds
Solution: 1 10 47 58 82 15 14 66 89 20 54 98 33 100 68 18 53 30 72 50 83 19 79 44 29 43 97 48 26 94 85 77 3 92 69 60 7 74 6 57 84 42 25 22 81 34 67 35 51 64 27 65 21 71 93 78 23 73 88 55 2 13 76 90 70 62 86 45 39 41 5 80 59 38 8 36 16 95 4 99 32 63 11 87 9 46 12 61 91 96 37 52 24 28 40 75 17 31 56 49 


Avg_Concorde_Distance: 7.713580 Avg_MCTS_Distance: 7.711915 Avg_Gap: -0.000217 Total_Time: 126.20 Seconds 
 Beat_Best_Known_Times: 1 Match_Best_Known_Times: 1 Miss_Best_Known_Times: 0 
