Number_of_Instances_In_Current_Batch: 2

Inst_Index:59 	 City_Num:100 	 Concorde:7.681968 	 MCTS:7.679854 Improve:0.002113 	 Time:10.00 Seconds
Solution: 1 47 71 10 50 58 87 93 39 13 78 16 6 49 74 97 27 52 80 4 66 62 69 83 51 18 75 21 56 31 45 92 29 28 88 33 43 15 86 94 12 11 2 64 53 8 19 73 3 7 35 37 60 46 9 89 40 41 77 95 48 34 72 63 22 23 55 76 61 20 38 68 36 44 82 67 26 65 24 85 5 96 17 54 32 91 100 42 14 30 90 99 79 59 81 98 57 84 70 25 

Inst_Index:60 	 City_Num:100 	 Concorde:7.731537 	 MCTS:7.726414 Improve:0.005123 	 Time:10.00 Seconds
Solution: 1 88 13 71 82 89 6 11 39 99 53 22 28 2 79 55 9 92 96 65 69 19 98 91 77 90 47 25 36 32 67 60 63 72 73 18 54 8 10 17 76 4 56 50 97 12 16 85 93 30 7 21 23 40 57 100 37 43 70 59 34 48 52 46 44 58 81 42 61 95 41 86 74 24 15 31 75 38 35 33 27 78 66 68 64 83 84 62 49 45 20 87 80 3 29 26 51 5 14 94 


Avg_Concorde_Distance: 7.706753 Avg_MCTS_Distance: 7.703134 Avg_Gap: -0.000469 Total_Time: 109.28 Seconds 
 Beat_Best_Known_Times: 2 Match_Best_Known_Times: 0 Miss_Best_Known_Times: 0 
