Number_of_Instances_In_Current_Batch: 2

Inst_Index:11 	 City_Num:100 	 Concorde:7.789987 	 MCTS:7.789987 Improve:-0.000000 	 Time:10.00 Seconds
Solution: 1 39 22 35 15 2 85 19 31 95 94 69 23 32 65 98 77 83 53 45 87 46 93 30 82 61 89 72 18 91 5 10 33 74 73 38 54 90 40 52 88 13 86 66 6 34 17 76 3 81 47 70 56 4 68 99 97 62 25 16 21 36 59 42 41 24 14 7 26 29 8 96 60 37 20 92 27 78 51 49 57 44 50 64 55 79 71 84 43 67 28 100 80 11 75 48 9 63 58 12 

Inst_Index:12 	 City_Num:100 	 Concorde:7.534215 	 MCTS:7.522495 Improve:0.011720 	 Time:10.00 Seconds
Solution: 1 36 21 100 91 98 94 65 40 86 55 5 79 26 57 99 12 18 48 42 88 20 77 96 97 14 71 70 75 56 93 89 19 6 29 72 17 24 78 27 31 85 33 82 38 39 15 54 41 84 9 73 69 68 43 32 64 3 51 83 80 4 76 49 60 35 66 53 23 46 92 22 11 37 7 95 45 25 34 10 13 62 52 2 90 59 44 74 8 47 87 63 67 50 58 28 16 30 81 61 


Avg_Concorde_Distance: 7.662101 Avg_MCTS_Distance: 7.656241 Avg_Gap: -0.000778 Total_Time: 124.26 Seconds 
 Beat_Best_Known_Times: 1 Match_Best_Known_Times: 1 Miss_Best_Known_Times: 0 
