Number_of_Instances_In_Current_Batch: 2

Inst_Index:1 	 City_Num:100 	 Concorde:7.798838 	 MCTS:7.797036 Improve:0.001802 	 Time:10.00 Seconds
Solution: 1 65 89 76 17 44 95 48 70 52 87 69 97 83 66 10 26 64 12 74 100 6 40 91 68 7 15 28 24 31 92 8 18 56 2 59 67 47 20 39 32 19 90 55 85 94 78 45 96 79 16 58 81 50 54 29 82 34 35 77 14 86 9 57 5 36 33 23 41 11 21 61 93 42 43 60 37 3 75 25 22 73 4 80 62 38 88 27 98 51 30 49 71 63 46 53 72 13 84 99 

Inst_Index:2 	 City_Num:100 	 Concorde:7.839382 	 MCTS:7.837153 Improve:0.002229 	 Time:10.00 Seconds
Solution: 1 10 7 97 57 29 23 63 4 91 14 48 25 34 42 51 5 52 9 69 44 55 24 94 81 28 59 72 89 22 11 27 64 16 99 26 92 3 13 90 83 38 50 8 84 76 20 61 56 46 60 39 78 74 66 71 100 87 36 40 53 30 85 32 79 95 96 82 86 65 17 6 35 75 67 2 15 31 37 68 45 58 19 12 62 80 43 54 77 41 18 49 88 98 70 73 33 21 47 93 


Avg_Concorde_Distance: 7.819110 Avg_MCTS_Distance: 7.817095 Avg_Gap: -0.000258 Total_Time: 116.75 Seconds 
 Beat_Best_Known_Times: 2 Match_Best_Known_Times: 0 Miss_Best_Known_Times: 0 
