Number_of_Instances_In_Current_Batch: 2

Inst_Index:31 	 City_Num:100 	 Concorde:7.463577 	 MCTS:7.458157 Improve:0.005420 	 Time:10.00 Seconds
Solution: 1 14 7 63 15 20 99 23 27 6 19 94 35 61 45 52 59 75 41 80 28 46 74 50 30 81 93 84 77 88 68 32 5 12 56 60 51 98 47 86 13 87 89 22 95 53 96 44 25 42 49 58 90 62 37 10 29 36 57 18 97 73 67 54 79 43 69 16 71 64 17 2 38 92 26 39 65 100 66 76 40 91 24 55 33 21 4 3 48 72 9 82 31 11 70 85 8 34 83 78 

Inst_Index:32 	 City_Num:100 	 Concorde:7.638664 	 MCTS:7.630616 Improve:0.008048 	 Time:10.02 Seconds
Solution: 1 58 47 61 86 12 33 55 57 3 7 50 34 62 24 18 6 25 98 17 53 73 54 52 19 46 9 45 66 89 79 32 40 4 22 49 91 39 43 80 59 5 48 84 20 82 77 71 41 78 70 100 28 88 69 26 90 56 15 75 8 74 68 44 92 72 2 10 37 64 13 38 87 31 67 29 85 42 16 99 14 30 97 94 21 23 83 93 96 51 35 60 65 76 27 36 95 11 63 81 


Avg_Concorde_Distance: 7.551121 Avg_MCTS_Distance: 7.544386 Avg_Gap: -0.000890 Total_Time: 87.82 Seconds 
 Beat_Best_Known_Times: 2 Match_Best_Known_Times: 0 Miss_Best_Known_Times: 0 
