Number_of_Instances_In_Current_Batch: 2

Inst_Index:43 	 City_Num:100 	 Concorde:7.984145 	 MCTS:7.984145 Improve:-0.000000 	 Time:10.02 Seconds
Solution: 1 86 72 14 11 54 62 69 89 26 13 30 96 53 67 73 3 41 55 7 77 12 66 60 45 81 19 28 83 43 68 4 64 29 76 57 97 56 6 50 37 18 59 94 36 100 51 25 84 65 38 35 21 8 98 5 91 24 15 85 90 44 61 39 88 99 34 33 80 16 27 52 63 31 22 9 71 75 82 40 87 95 17 23 46 47 93 20 32 58 70 92 2 74 10 42 48 78 79 49 

Inst_Index:44 	 City_Num:100 	 Concorde:7.870247 	 MCTS:7.870247 Improve:0.000000 	 Time:10.00 Seconds
Solution: 1 30 33 58 90 9 71 46 31 42 95 82 66 40 61 41 92 15 75 87 65 70 16 67 57 4 74 36 50 54 94 47 79 2 77 17 14 26 56 18 23 34 25 76 63 3 21 98 72 93 32 43 89 38 13 60 39 91 8 62 5 84 44 10 81 88 29 73 7 35 69 96 24 99 28 53 80 85 68 48 45 83 6 59 19 11 52 86 100 64 55 97 49 12 22 27 51 37 20 78 


Avg_Concorde_Distance: 7.927196 Avg_MCTS_Distance: 7.927196 Avg_Gap: -0.000000 Total_Time: 102.58 Seconds 
 Beat_Best_Known_Times: 0 Match_Best_Known_Times: 2 Miss_Best_Known_Times: 0 
