Number_of_Instances_In_Current_Batch: 2

Inst_Index:45 	 City_Num:100 	 Concorde:8.088468 	 MCTS:8.086998 Improve:0.001470 	 Time:10.01 Seconds
Solution: 1 12 32 89 19 44 74 100 62 76 14 95 9 35 90 48 39 66 78 40 73 77 84 70 42 17 63 75 18 16 27 98 51 22 55 26 53 65 13 34 93 81 59 87 30 46 86 47 64 5 54 52 71 28 20 33 41 49 57 45 8 11 2 91 69 10 97 60 56 72 83 43 38 92 85 4 21 96 88 23 82 99 68 79 61 80 15 58 37 29 6 50 7 31 24 36 67 3 25 94 

Inst_Index:46 	 City_Num:100 	 Concorde:7.927442 	 MCTS:7.924321 Improve:0.003121 	 Time:10.00 Seconds
Solution: 1 12 73 28 71 39 14 70 37 40 77 42 86 20 76 46 66 23 8 82 69 56 53 62 15 4 19 10 75 25 29 99 33 21 84 31 60 80 95 58 48 27 81 67 54 17 87 50 88 97 45 78 36 61 34 7 68 74 24 93 59 64 91 55 92 5 35 9 2 98 16 100 94 6 63 51 43 38 32 90 44 26 83 18 72 85 49 47 11 3 30 57 22 89 65 41 13 79 96 52 


Avg_Concorde_Distance: 8.007955 Avg_MCTS_Distance: 8.005660 Avg_Gap: -0.000288 Total_Time: 114.03 Seconds 
 Beat_Best_Known_Times: 2 Match_Best_Known_Times: 0 Miss_Best_Known_Times: 0 
