Number_of_Instances_In_Current_Batch: 2

Inst_Index:55 	 City_Num:100 	 Concorde:8.192113 	 MCTS:8.192113 Improve:0.000000 	 Time:10.01 Seconds
Solution: 1 46 38 90 28 55 59 19 25 85 39 7 68 43 27 50 47 4 51 72 75 81 42 58 6 91 69 100 29 36 14 8 95 77 40 15 35 11 9 87 10 62 30 32 79 18 67 44 53 23 71 74 96 60 88 31 49 93 92 76 78 65 86 5 56 16 45 17 21 64 73 70 98 12 37 57 80 84 26 63 83 33 99 89 94 24 20 97 82 41 34 48 54 52 13 61 66 3 22 2 

Inst_Index:56 	 City_Num:100 	 Concorde:7.313190 	 MCTS:7.311065 Improve:0.002125 	 Time:10.00 Seconds
Solution: 1 50 67 22 94 93 16 54 44 11 47 91 71 14 33 86 20 87 6 52 66 41 81 49 30 48 13 78 65 35 58 51 76 45 99 63 88 60 23 26 72 97 98 70 84 28 27 61 34 24 32 95 10 73 2 68 80 62 53 75 37 100 29 25 90 18 55 31 12 42 96 69 15 3 4 46 40 7 64 43 9 5 83 17 79 59 82 38 8 21 89 77 57 36 56 92 39 74 19 85 


Avg_Concorde_Distance: 7.752652 Avg_MCTS_Distance: 7.751589 Avg_Gap: -0.000145 Total_Time: 121.13 Seconds 
 Beat_Best_Known_Times: 1 Match_Best_Known_Times: 1 Miss_Best_Known_Times: 0 
