Number_of_Instances_In_Current_Batch: 2

Inst_Index:35 	 City_Num:100 	 Concorde:7.667533 	 MCTS:7.667533 Improve:-0.000000 	 Time:10.00 Seconds
Solution: 1 68 70 55 41 49 77 94 66 64 44 91 96 20 53 15 37 90 99 82 33 79 6 36 26 2 61 60 35 76 75 62 73 7 97 25 95 21 11 65 71 57 31 100 98 42 10 72 19 80 63 47 17 67 59 24 51 28 40 16 89 8 69 34 56 81 85 86 54 58 29 83 45 52 78 5 27 93 92 84 48 4 74 88 46 32 22 18 13 43 87 30 9 50 23 39 12 3 38 14 

Inst_Index:36 	 City_Num:100 	 Concorde:8.114274 	 MCTS:8.112659 Improve:0.001615 	 Time:10.01 Seconds
Solution: 1 53 61 36 15 43 19 30 54 87 60 79 55 22 89 92 8 34 88 29 12 39 44 21 83 95 51 72 24 40 66 13 10 27 2 70 32 80 3 50 7 26 6 100 47 77 14 86 99 85 45 56 78 52 38 59 46 9 17 42 68 97 71 33 5 82 48 57 91 16 28 4 69 25 62 98 67 18 49 94 76 64 11 96 63 20 81 90 73 23 41 75 35 37 74 31 65 84 58 93 


Avg_Concorde_Distance: 7.890903 Avg_MCTS_Distance: 7.890096 Avg_Gap: -0.000099 Total_Time: 114.47 Seconds 
 Beat_Best_Known_Times: 1 Match_Best_Known_Times: 1 Miss_Best_Known_Times: 0 
