Number_of_Instances_In_Current_Batch: 2

Inst_Index:29 	 City_Num:100 	 Concorde:7.938899 	 MCTS:7.935632 Improve:0.003267 	 Time:10.00 Seconds
Solution: 1 6 63 87 24 83 75 94 15 35 16 96 52 58 31 72 90 49 39 9 61 66 71 28 79 41 20 46 26 23 45 89 4 12 60 11 51 44 86 93 34 73 65 99 27 37 88 47 32 68 30 95 98 70 91 55 38 59 43 5 8 33 62 84 82 67 92 42 85 18 57 77 13 76 29 97 69 78 22 81 21 19 25 56 2 100 10 74 53 48 64 17 3 14 7 54 80 36 40 50 

Inst_Index:30 	 City_Num:100 	 Concorde:7.241495 	 MCTS:7.230386 Improve:0.011109 	 Time:10.02 Seconds
Solution: 1 99 2 35 52 10 32 31 45 71 17 58 79 77 69 38 81 7 82 34 92 93 26 3 59 14 89 90 33 54 87 15 28 100 41 94 83 72 78 22 53 5 29 9 27 16 42 62 57 84 4 39 74 96 49 12 66 80 20 95 91 6 48 37 18 25 65 56 40 8 43 44 97 86 76 51 24 47 70 21 30 63 50 61 11 85 46 19 64 55 98 88 68 73 36 67 75 60 13 23 


Avg_Concorde_Distance: 7.590197 Avg_MCTS_Distance: 7.583009 Avg_Gap: -0.000973 Total_Time: 125.95 Seconds 
 Beat_Best_Known_Times: 2 Match_Best_Known_Times: 0 Miss_Best_Known_Times: 0 
