Number_of_Instances_In_Current_Batch: 2

Inst_Index:49 	 City_Num:100 	 Concorde:7.771387 	 MCTS:7.766511 Improve:0.004876 	 Time:10.01 Seconds
Solution: 1 26 23 91 40 10 77 25 53 82 65 38 66 94 17 6 69 79 92 45 54 71 24 60 61 100 76 67 59 7 99 20 84 88 12 85 70 75 19 90 47 93 48 78 36 5 35 13 37 97 34 14 30 11 2 32 41 55 63 58 51 68 46 73 9 31 43 28 49 39 15 4 98 44 72 89 86 22 57 8 27 18 3 29 50 83 16 96 42 62 52 21 64 95 56 87 74 81 80 33 

Inst_Index:50 	 City_Num:100 	 Concorde:7.902867 	 MCTS:7.902867 Improve:0.000000 	 Time:10.00 Seconds
Solution: 1 48 90 86 33 61 87 30 97 82 76 36 57 16 34 96 47 50 71 25 81 8 40 73 15 70 75 44 7 24 64 59 39 10 53 51 69 21 95 32 28 17 20 92 80 74 18 42 12 35 41 66 29 68 79 14 37 27 26 58 88 78 13 63 91 65 100 2 62 23 84 72 89 54 45 3 9 77 38 31 56 55 49 4 52 22 99 98 83 43 94 46 93 19 85 6 60 11 5 67 


Avg_Concorde_Distance: 7.837127 Avg_MCTS_Distance: 7.834689 Avg_Gap: -0.000314 Total_Time: 118.19 Seconds 
 Beat_Best_Known_Times: 1 Match_Best_Known_Times: 1 Miss_Best_Known_Times: 0 
