Number_of_Instances_In_Current_Batch: 2

Inst_Index:57 	 City_Num:100 	 Concorde:8.066562 	 MCTS:8.059754 Improve:0.006808 	 Time:10.02 Seconds
Solution: 1 50 12 81 79 4 45 55 90 8 23 83 57 14 40 34 16 69 36 51 18 27 39 47 76 80 26 48 10 32 64 46 74 15 86 41 61 11 77 33 29 91 98 54 21 25 56 93 84 95 59 22 72 100 2 9 35 68 3 28 24 53 42 13 87 58 75 52 17 89 62 63 65 60 70 73 7 99 31 96 97 6 94 49 82 44 67 66 30 19 37 20 38 5 78 71 92 43 85 88 

Inst_Index:58 	 City_Num:100 	 Concorde:7.695738 	 MCTS:7.695738 Improve:0.000000 	 Time:10.02 Seconds
Solution: 1 76 87 96 33 42 72 37 66 47 6 29 78 18 68 44 56 86 22 73 94 40 48 63 20 12 14 49 53 27 52 46 91 93 51 61 4 69 24 84 10 28 2 80 19 97 59 41 31 21 17 30 26 11 15 7 55 70 74 45 81 67 32 39 5 90 16 64 25 9 85 83 99 89 38 62 36 57 77 95 50 13 79 3 35 98 88 65 54 75 71 92 8 23 34 60 82 43 58 100 


Avg_Concorde_Distance: 7.881150 Avg_MCTS_Distance: 7.877746 Avg_Gap: -0.000422 Total_Time: 128.22 Seconds 
 Beat_Best_Known_Times: 1 Match_Best_Known_Times: 1 Miss_Best_Known_Times: 0 
