Number_of_Instances_In_Current_Batch: 1

Inst_Index:4 	 City_Num:200 	 Concorde:10.748167 	 MCTS:10.810528 Improve:-0.062361 	 Time:20.03 Seconds
Solution: 1 111 119 200 3 93 70 85 79 98 189 161 63 10 120 34 42 52 157 128 185 172 68 142 55 29 126 23 90 38 162 32 159 166 197 43 92 144 110 146 183 94 5 22 78 37 100 58 95 171 104 19 149 91 164 54 154 117 66 35 60 82 40 24 148 179 50 7 15 124 151 81 143 114 46 191 167 186 57 96 122 160 103 2 84 150 102 196 56 155 44 21 47 165 36 193 127 28 64 192 73 115 177 138 130 41 27 194 39 141 61 129 134 99 59 33 168 176 153 195 8 16 69 77 182 105 72 20 199 136 26 48 131 175 108 83 51 132 75 53 89 118 198 156 12 147 109 163 9 76 170 45 106 13 11 112 80 152 62 158 67 74 18 190 174 65 133 188 187 184 125 181 4 6 97 137 101 135 25 31 140 107 139 123 86 71 180 30 145 88 173 169 113 49 87 17 116 178 121 14 


Avg_Concorde_Distance: 10.748167 Avg_MCTS_Distance: 10.810528 Avg_Gap: 0.005802 Total_Time: 20.07 Seconds 
 Beat_Best_Known_Times: 0 Match_Best_Known_Times: 0 Miss_Best_Known_Times: 1 
