Number_of_Instances_In_Current_Batch: 1

Inst_Index:5 	 City_Num:500 	 Concorde:16.358816 	 MCTS:16.553080 Improve:-0.194264 	 Time:50.05 Seconds
Solution: 1 406 75 384 136 89 47 432 452 381 59 28 390 367 354 264 98 468 353 416 78 462 29 180 26 157 241 323 189 326 191 8 410 361 327 116 438 290 109 342 81 431 211 450 457 349 177 55 131 251 376 292 467 132 487 39 205 305 35 283 199 412 437 311 94 88 213 499 197 228 97 448 85 398 49 21 476 117 96 395 130 392 261 358 200 245 10 407 279 246 369 475 498 335 41 491 203 302 378 272 56 4 139 271 172 461 489 428 371 340 248 405 267 119 366 368 105 497 133 320 464 216 53 387 38 348 34 12 174 106 337 419 207 289 402 83 237 493 193 474 298 222 347 118 455 500 300 138 115 288 63 433 397 273 330 181 69 260 173 163 463 415 473 52 471 268 319 252 284 362 165 422 121 62 176 90 250 82 167 469 40 23 151 195 472 7 231 84 161 372 2 334 299 233 257 101 9 17 61 424 234 95 232 3 229 359 120 225 143 496 324 393 51 243 386 286 446 215 223 112 303 220 22 394 111 414 247 128 291 281 147 400 33 451 140 123 170 70 113 389 265 42 212 19 430 129 293 352 164 294 218 156 374 325 341 444 20 67 380 456 454 440 76 321 11 68 217 236 110 166 256 255 244 364 141 27 148 73 421 31 14 439 224 258 25 441 230 259 72 391 482 316 64 413 71 158 160 459 208 434 318 494 253 346 127 185 350 356 411 477 314 385 36 188 91 114 102 486 134 355 315 399 351 108 280 301 206 186 135 373 495 13 465 443 297 24 403 169 79 254 485 375 483 295 309 6 484 54 338 453 150 263 145 331 43 184 478 312 66 99 249 227 262 46 370 235 458 144 146 460 80 107 492 275 377 179 202 417 214 154 308 159 178 37 449 357 277 187 445 388 238 226 436 210 44 183 269 365 30 137 447 442 490 360 345 182 5 60 423 479 50 16 74 382 418 480 339 274 426 383 77 307 266 285 194 149 278 122 333 201 86 124 221 363 240 48 32 171 322 87 190 379 192 481 276 100 329 401 92 336 155 282 162 408 270 209 296 420 126 196 45 58 168 242 344 328 204 287 429 313 470 466 239 304 152 317 15 343 332 18 396 93 435 310 409 175 425 65 57 103 104 198 125 427 219 306 488 404 142 153 


Avg_Concorde_Distance: 16.358816 Avg_MCTS_Distance: 16.553080 Avg_Gap: 0.011875 Total_Time: 50.16 Seconds 
 Beat_Best_Known_Times: 0 Match_Best_Known_Times: 0 Miss_Best_Known_Times: 1 
