Number_of_Instances_In_Current_Batch: 1

Inst_Index:1 	 City_Num:500 	 Concorde:16.438495 	 MCTS:16.655294 Improve:-0.216800 	 Time:50.00 Seconds
Solution: 1 374 56 101 362 385 122 324 349 486 499 458 437 357 230 454 433 426 201 141 438 322 395 200 453 339 235 290 337 376 140 153 12 268 84 497 162 326 293 429 397 261 67 30 409 248 36 178 487 213 218 459 346 386 315 377 467 97 331 23 163 118 312 105 107 272 465 234 225 347 416 41 417 11 95 279 320 144 259 368 49 32 267 166 451 428 237 37 494 366 207 260 251 443 40 342 164 338 48 498 123 380 297 128 484 149 82 83 361 72 344 120 7 481 420 129 439 24 399 191 466 305 111 115 335 245 410 51 266 168 242 247 412 246 15 372 151 282 288 106 186 19 224 59 99 221 340 155 492 159 435 6 46 157 300 447 190 256 18 13 243 173 478 301 20 485 119 65 354 345 489 25 63 133 460 296 253 475 187 88 220 176 143 307 255 421 276 240 137 500 113 52 34 43 445 55 171 26 158 33 203 124 391 273 227 184 138 495 434 341 94 455 479 350 154 116 387 53 16 328 432 332 370 306 418 483 21 382 252 405 400 264 71 104 204 333 319 283 316 87 285 172 371 54 31 156 353 295 444 39 108 488 77 85 392 132 78 4 329 383 175 92 406 262 411 442 86 57 474 3 334 348 355 471 131 117 393 134 180 231 130 396 10 309 146 270 265 150 244 298 90 325 5 414 215 93 422 299 167 169 379 212 217 196 367 359 343 66 394 402 462 205 278 147 139 179 214 110 96 476 75 249 404 336 109 209 323 165 211 450 408 360 284 286 202 47 45 448 35 468 114 76 198 330 470 304 269 121 64 280 407 303 351 112 182 401 208 317 148 480 228 364 381 195 318 193 98 233 365 274 69 369 74 210 9 91 222 419 189 136 430 239 194 473 472 292 79 287 398 127 89 384 61 352 38 413 281 236 183 289 469 206 14 456 491 44 8 431 436 126 219 254 457 42 327 389 356 263 70 427 80 174 102 378 461 423 185 424 50 188 310 103 452 446 358 271 145 58 17 311 375 482 2 152 464 250 135 199 291 223 22 192 181 62 363 81 441 257 390 238 463 29 493 216 170 60 125 258 226 496 275 425 477 403 440 241 229 232 308 73 490 415 373 314 160 321 197 27 302 313 100 388 28 277 142 68 161 449 177 294 


Avg_Concorde_Distance: 16.438495 Avg_MCTS_Distance: 16.655294 Avg_Gap: 0.013189 Total_Time: 50.10 Seconds 
 Beat_Best_Known_Times: 0 Match_Best_Known_Times: 0 Miss_Best_Known_Times: 1 
