Number_of_Instances_In_Current_Batch: 1

Inst_Index:4 	 City_Num:500 	 Concorde:17.091677 	 MCTS:17.242135 Improve:-0.150458 	 Time:50.05 Seconds
Solution: 1 427 116 343 231 163 104 63 302 277 352 375 157 464 261 145 95 453 291 306 483 309 297 22 70 284 171 79 75 192 460 358 78 365 155 132 253 263 414 441 374 492 339 53 425 475 474 5 29 484 458 32 495 185 312 205 248 62 467 423 167 13 110 322 332 345 89 480 150 49 258 399 142 108 340 249 381 397 122 4 59 215 165 450 126 147 266 300 55 395 235 74 199 255 41 336 113 470 112 76 489 214 173 421 152 148 190 144 282 227 432 60 206 85 176 320 257 243 476 6 138 434 457 11 10 451 26 139 203 174 267 356 449 57 100 293 362 125 404 210 247 415 242 459 437 454 103 44 88 456 226 68 232 200 473 440 259 301 237 25 368 105 439 370 462 239 224 66 310 213 347 406 477 102 325 56 82 238 494 196 209 14 412 327 346 23 143 188 479 364 444 250 337 392 183 442 9 403 69 36 180 123 276 118 319 101 195 30 274 390 58 433 229 299 201 384 298 172 272 241 394 159 15 314 39 311 140 418 7 465 217 256 153 83 316 191 452 211 228 37 233 334 182 295 373 99 351 244 92 33 179 360 330 115 264 402 328 317 321 251 481 350 471 230 428 426 51 361 366 461 288 455 198 43 280 260 296 136 424 178 187 71 42 45 158 367 387 149 131 265 151 18 396 488 121 286 354 333 436 141 304 420 377 335 497 189 254 329 313 490 98 338 294 445 40 315 91 391 107 90 331 20 207 469 16 221 111 278 127 275 289 96 154 77 50 382 19 369 419 398 21 12 383 443 184 129 308 164 447 219 175 307 341 417 292 27 124 262 287 114 3 393 269 234 386 117 349 359 64 486 166 193 186 54 8 137 216 385 220 24 225 156 109 348 491 94 466 106 408 202 222 379 416 81 35 204 160 485 161 93 378 120 61 72 324 363 431 372 34 326 97 134 130 353 380 303 285 48 119 493 401 128 357 87 2 47 170 28 181 135 342 84 271 468 438 252 388 318 499 482 223 162 376 208 279 240 405 487 305 429 407 218 371 17 496 38 212 146 472 245 411 463 448 236 281 400 413 500 323 65 409 246 270 268 355 168 73 67 80 194 197 422 177 31 52 446 498 86 410 290 344 430 478 283 435 133 273 169 389 46 


Avg_Concorde_Distance: 17.091677 Avg_MCTS_Distance: 17.242135 Avg_Gap: 0.008803 Total_Time: 50.16 Seconds 
 Beat_Best_Known_Times: 0 Match_Best_Known_Times: 0 Miss_Best_Known_Times: 1 
