Number_of_Instances_In_Current_Batch: 1

Inst_Index:8 	 City_Num:500 	 Concorde:16.547488 	 MCTS:16.790883 Improve:-0.243395 	 Time:50.04 Seconds
Solution: 1 478 23 68 377 305 386 94 279 97 61 88 156 399 357 7 248 231 345 365 153 179 409 130 86 9 336 29 26 388 245 214 435 70 185 332 64 374 90 474 101 372 120 346 112 60 223 453 20 349 343 142 183 14 311 264 226 328 236 191 170 25 260 211 434 318 210 58 140 482 389 177 27 300 74 433 212 242 291 463 144 227 299 36 34 71 460 341 263 319 277 24 368 452 143 371 292 289 282 16 100 410 431 481 383 72 233 82 129 362 78 424 228 467 45 321 84 280 384 174 442 256 52 12 48 141 325 21 380 5 327 59 313 320 275 239 326 155 480 445 107 178 407 51 215 398 255 164 110 13 161 208 55 354 91 450 426 87 331 150 168 131 11 436 416 181 44 285 149 257 381 182 75 247 415 266 163 15 406 166 412 451 195 126 109 79 85 147 284 122 462 422 295 258 117 461 335 217 441 430 304 57 254 259 134 46 268 443 391 196 176 10 193 209 339 219 378 287 42 230 77 115 366 205 92 199 119 4 202 169 273 39 403 158 249 342 293 173 113 274 121 157 364 224 465 271 361 171 32 298 253 498 118 330 344 188 81 348 281 262 315 180 229 63 17 159 198 466 234 189 487 393 316 50 33 373 369 53 375 218 108 146 428 35 160 340 363 125 232 483 283 303 484 106 427 237 201 148 401 352 96 204 30 370 382 355 2 492 367 350 472 98 448 220 265 67 49 267 62 250 402 457 360 469 489 497 102 200 471 351 447 495 105 56 133 103 132 135 473 334 491 488 206 76 429 294 104 186 65 454 6 458 376 306 222 184 411 414 286 246 238 408 464 476 347 308 317 31 302 261 138 40 385 47 419 475 379 479 41 400 425 421 154 496 358 397 69 99 392 22 459 494 338 446 301 19 394 444 396 123 139 167 405 89 288 251 207 197 114 297 252 485 116 151 468 28 437 417 38 221 314 438 500 190 455 390 124 18 162 307 3 420 353 172 203 413 432 37 80 213 356 194 329 73 93 477 192 337 456 324 54 404 145 310 43 486 395 111 470 490 439 278 136 241 449 127 235 83 269 244 296 137 270 216 309 276 290 152 323 243 175 423 66 493 240 418 95 272 359 333 225 312 499 440 322 128 165 187 8 387 


Avg_Concorde_Distance: 16.547488 Avg_MCTS_Distance: 16.790883 Avg_Gap: 0.014709 Total_Time: 50.17 Seconds 
 Beat_Best_Known_Times: 0 Match_Best_Known_Times: 0 Miss_Best_Known_Times: 1 
