Number_of_Instances_In_Current_Batch: 1

Inst_Index:6 	 City_Num:500 	 Concorde:16.355575 	 MCTS:16.622723 Improve:-0.267148 	 Time:50.02 Seconds
Solution: 1 149 352 480 94 291 197 479 246 414 344 168 35 379 80 445 101 336 222 289 81 57 129 73 71 365 72 217 293 67 395 125 425 423 337 100 232 485 439 218 254 64 496 467 153 302 339 257 76 29 248 159 374 253 383 342 69 88 68 353 267 117 42 375 38 453 331 43 32 416 333 70 330 171 287 23 184 66 275 260 324 203 418 472 240 299 224 170 478 152 12 118 359 420 279 252 209 303 484 204 482 169 135 317 392 25 190 227 113 256 468 59 206 442 295 114 282 143 147 102 223 99 314 60 241 104 487 465 116 162 243 216 211 134 373 214 322 493 288 144 155 136 308 112 150 454 470 247 131 368 389 207 285 194 370 208 491 8 77 381 40 127 452 4 319 390 65 298 428 142 230 292 179 386 402 283 178 238 277 272 55 86 84 483 187 22 388 313 17 188 273 444 74 441 54 432 466 280 205 378 220 180 11 338 119 172 362 367 228 235 294 385 290 193 108 111 103 411 158 364 281 163 419 98 456 394 258 165 382 91 401 212 413 192 371 300 83 56 115 457 363 251 132 5 476 18 37 139 164 398 393 350 329 225 45 474 28 219 201 231 46 440 270 307 500 128 429 422 200 160 229 436 469 437 173 226 443 167 85 262 274 455 33 174 315 410 109 407 20 195 369 340 92 486 49 462 3 61 130 384 447 97 488 492 409 380 489 426 408 154 310 391 449 236 403 36 355 259 48 268 141 221 498 477 93 186 349 202 6 110 335 435 31 215 499 106 27 2 266 301 387 105 271 490 47 50 58 146 199 356 357 343 157 249 10 269 151 242 475 318 41 140 126 415 305 346 347 181 399 14 450 177 495 75 321 175 448 19 15 24 39 63 133 366 239 334 44 7 210 494 332 255 79 82 309 245 446 237 264 438 265 137 424 278 311 26 124 431 464 161 327 323 296 325 360 396 397 96 284 198 123 21 451 90 176 497 87 148 417 30 461 34 320 13 52 89 433 434 458 196 376 358 406 53 427 306 276 120 326 263 261 16 460 351 286 345 189 377 463 421 191 471 297 185 459 328 304 341 348 316 138 405 430 166 354 145 107 234 361 372 122 78 404 233 312 244 62 400 95 183 473 121 156 250 9 412 481 182 213 51 


Avg_Concorde_Distance: 16.355575 Avg_MCTS_Distance: 16.622723 Avg_Gap: 0.016334 Total_Time: 50.12 Seconds 
 Beat_Best_Known_Times: 0 Match_Best_Known_Times: 0 Miss_Best_Known_Times: 1 
