Number_of_Instances_In_Current_Batch: 1

Inst_Index:2 	 City_Num:500 	 Concorde:16.307606 	 MCTS:16.530384 Improve:-0.222778 	 Time:50.00 Seconds
Solution: 1 498 279 84 272 38 245 207 178 293 211 475 137 467 494 287 495 140 284 129 328 94 198 242 337 353 463 372 177 98 187 433 358 445 419 56 300 95 276 379 324 384 112 344 180 256 158 244 229 425 183 34 261 101 20 354 14 231 218 294 352 165 351 403 9 341 200 82 154 199 89 92 455 93 96 258 373 427 500 111 484 310 331 442 68 303 362 465 398 67 189 25 15 340 315 260 100 436 274 203 10 57 444 204 368 430 6 420 152 454 417 228 348 221 411 113 226 161 437 65 45 163 179 312 126 350 396 196 292 496 156 447 296 195 342 361 347 109 409 400 208 147 23 295 17 408 281 72 311 166 105 77 283 30 267 26 317 4 406 414 297 60 339 42 209 192 31 205 35 390 404 415 265 251 490 210 151 235 499 47 253 268 144 104 423 250 469 271 278 78 238 149 479 224 206 234 327 285 132 356 32 330 227 308 391 428 241 386 314 472 385 230 130 66 168 478 257 141 134 382 76 371 59 52 160 182 88 162 170 237 316 63 3 422 476 302 487 264 363 81 24 120 493 270 470 40 280 269 212 150 69 468 366 259 307 491 466 219 243 202 247 395 452 240 345 473 435 359 54 159 321 449 393 457 55 119 254 438 62 73 262 71 402 432 288 364 318 412 155 333 376 174 443 377 456 489 172 214 39 304 266 220 107 171 127 41 49 399 169 464 106 451 286 453 157 383 426 33 486 124 103 460 216 431 164 86 477 223 102 197 290 186 28 13 365 190 309 5 334 188 213 121 145 138 79 70 46 305 458 481 85 87 58 12 236 357 336 128 75 360 143 480 320 392 225 407 135 326 273 389 37 439 91 122 246 175 370 374 148 74 332 448 275 488 139 492 418 44 232 255 53 375 249 83 114 90 306 146 173 277 434 80 194 471 184 217 7 248 193 421 462 29 343 474 369 125 378 99 322 485 48 117 325 387 22 381 181 429 18 416 446 338 282 252 301 329 21 482 497 239 298 123 413 461 483 51 450 355 459 349 367 215 222 323 115 110 191 131 167 410 153 263 335 116 380 16 313 176 108 61 394 8 440 319 405 291 50 142 401 289 441 388 27 36 136 133 97 201 64 2 233 346 185 397 11 299 118 19 43 424 


Avg_Concorde_Distance: 16.307606 Avg_MCTS_Distance: 16.530384 Avg_Gap: 0.013661 Total_Time: 50.11 Seconds 
 Beat_Best_Known_Times: 0 Match_Best_Known_Times: 0 Miss_Best_Known_Times: 1 
