Number_of_Instances_In_Current_Batch: 1

Inst_Index:7 	 City_Num:500 	 Concorde:16.468449 	 MCTS:16.646289 Improve:-0.177840 	 Time:50.22 Seconds
Solution: 1 188 373 169 235 153 411 246 199 499 189 178 433 161 34 287 455 403 83 42 458 154 429 352 90 416 124 484 440 495 12 276 94 260 318 97 301 241 285 437 13 441 216 127 104 382 465 270 132 149 52 66 500 213 353 467 184 115 232 185 268 129 306 464 103 308 168 335 23 483 417 292 228 332 385 86 45 3 174 491 60 337 444 8 347 274 435 59 190 394 262 289 269 286 245 176 105 221 46 328 82 363 296 217 434 81 85 370 473 368 17 5 271 365 14 445 201 171 294 490 362 18 482 319 111 47 315 54 316 108 492 430 257 369 236 233 258 37 151 128 139 309 478 374 327 158 50 345 183 344 431 389 16 231 357 41 387 133 40 78 251 209 182 466 98 181 25 304 200 415 215 290 162 277 22 331 247 136 224 166 446 390 470 193 427 474 354 471 125 203 250 259 58 68 298 55 9 346 439 377 291 383 379 414 396 256 278 211 119 300 196 109 311 442 325 366 2 371 468 436 426 20 152 380 225 62 117 496 24 170 272 102 120 462 72 32 314 322 498 77 402 343 469 195 299 116 283 293 481 454 240 243 122 141 226 80 145 91 65 210 409 493 447 265 348 333 220 456 423 453 342 264 96 341 202 159 100 126 242 355 140 393 49 408 338 21 114 400 360 73 198 15 349 358 142 113 407 367 263 57 422 410 480 463 150 249 305 135 351 118 424 307 138 386 295 401 254 449 421 179 7 48 275 51 310 192 282 164 350 206 356 112 252 452 130 64 398 208 497 230 312 147 284 395 229 404 214 61 29 234 27 297 95 239 177 89 443 143 267 163 477 302 381 405 280 205 99 131 175 413 330 84 165 26 10 134 438 19 450 197 461 457 279 63 212 364 340 146 317 460 451 255 361 392 432 219 359 33 489 459 237 253 406 339 375 324 485 28 110 303 148 121 204 157 160 323 223 207 39 412 194 487 191 172 56 218 227 472 281 186 378 476 329 376 107 106 273 137 44 87 494 418 448 336 67 420 187 123 180 397 326 266 238 93 71 321 244 372 75 388 425 53 222 419 486 173 428 38 36 488 475 156 69 313 11 391 88 101 288 320 92 155 479 6 74 144 70 30 261 31 4 79 43 399 76 167 35 384 334 248 


Avg_Concorde_Distance: 16.468449 Avg_MCTS_Distance: 16.646289 Avg_Gap: 0.010799 Total_Time: 50.34 Seconds 
 Beat_Best_Known_Times: 0 Match_Best_Known_Times: 0 Miss_Best_Known_Times: 1 
