Number_of_Instances_In_Current_Batch: 1

Inst_Index:3 	 City_Num:500 	 Concorde:16.553688 	 MCTS:16.839303 Improve:-0.285615 	 Time:50.04 Seconds
Solution: 1 454 215 49 121 433 345 449 325 396 129 408 406 483 161 466 18 101 216 160 490 36 119 187 493 77 378 475 221 332 476 407 352 92 104 492 76 136 248 141 307 246 456 273 85 473 35 253 41 415 403 132 498 140 276 218 117 199 294 194 317 342 261 168 419 152 176 135 184 353 370 372 404 171 100 274 390 315 122 206 326 369 439 344 6 174 272 277 59 397 303 96 354 23 61 452 460 444 333 8 105 465 172 24 123 431 198 244 435 210 169 395 146 56 71 231 349 58 413 27 367 280 10 47 322 89 31 478 46 347 426 235 60 230 192 430 450 220 432 188 234 391 196 139 249 232 362 341 371 195 418 70 125 166 208 279 267 242 302 288 98 429 112 275 88 313 87 113 94 389 293 284 491 178 384 214 227 394 200 442 480 193 374 106 28 173 477 377 495 142 68 289 259 115 321 226 86 102 412 265 82 282 5 240 108 334 379 51 468 127 414 351 357 203 457 180 147 78 401 308 128 97 494 163 91 348 131 443 309 150 81 283 290 29 237 481 469 95 427 130 264 3 448 93 257 358 373 375 32 474 143 190 156 170 42 410 158 241 356 14 69 4 12 30 417 109 499 224 327 350 312 482 436 385 340 138 386 183 204 118 346 254 285 496 55 262 167 64 7 339 263 245 251 63 458 376 186 202 107 211 470 278 149 258 467 270 236 26 459 83 461 299 17 296 366 488 233 133 363 124 399 74 79 451 266 53 9 37 335 45 189 489 252 11 437 182 209 343 361 65 298 323 177 114 165 103 223 300 393 21 405 387 179 425 484 54 428 318 255 80 329 72 297 20 256 40 479 291 219 25 368 383 319 286 15 73 471 13 239 225 500 154 364 287 34 22 306 365 137 271 157 438 447 191 268 16 338 292 462 424 464 434 2 67 247 381 207 409 155 421 50 422 453 134 39 295 159 359 320 212 400 148 310 75 311 99 229 324 153 144 260 416 222 328 44 57 446 33 331 181 398 392 126 90 120 110 205 360 497 487 238 228 304 48 423 19 281 162 66 316 175 305 111 463 151 472 402 243 336 84 201 52 164 411 301 420 455 486 445 330 197 250 62 185 145 269 43 441 38 314 388 355 380 213 337 440 485 116 382 217 


Avg_Concorde_Distance: 16.553688 Avg_MCTS_Distance: 16.839303 Avg_Gap: 0.017254 Total_Time: 50.17 Seconds 
 Beat_Best_Known_Times: 0 Match_Best_Known_Times: 0 Miss_Best_Known_Times: 1 
