Number_of_Instances_In_Current_Batch: 2

Inst_Index:7 	 City_Num:100 	 Concorde:7.656282 	 MCTS:7.656117 Improve:0.000165 	 Time:10.01 Seconds
Solution: 1 16 94 50 87 38 90 78 11 36 62 4 74 80 25 93 76 65 19 43 41 53 17 70 63 29 55 81 92 13 91 39 96 54 44 21 52 27 72 22 33 2 83 49 98 100 31 37 10 51 79 60 32 34 67 66 9 24 26 85 8 61 68 77 95 3 14 73 46 30 48 40 23 28 64 20 86 88 42 59 47 57 56 12 35 84 99 6 58 75 45 18 82 5 7 71 89 69 97 15 

Inst_Index:8 	 City_Num:100 	 Concorde:7.730134 	 MCTS:7.727923 Improve:0.002211 	 Time:10.00 Seconds
Solution: 1 32 18 55 7 81 14 98 51 23 88 57 53 52 72 42 77 73 30 50 90 67 36 59 97 66 93 44 12 96 29 80 95 28 92 25 56 10 89 37 11 40 35 6 71 43 91 5 78 99 76 85 63 100 45 27 54 65 24 74 22 49 19 70 46 83 94 64 41 79 61 3 62 33 9 48 84 2 21 4 68 38 69 58 26 47 82 75 16 87 13 86 8 20 31 34 15 60 17 39 


Avg_Concorde_Distance: 7.693208 Avg_MCTS_Distance: 7.692020 Avg_Gap: -0.000154 Total_Time: 118.65 Seconds 
 Beat_Best_Known_Times: 2 Match_Best_Known_Times: 0 Miss_Best_Known_Times: 0 
