Number_of_Instances_In_Current_Batch: 2

Inst_Index:19 	 City_Num:100 	 Concorde:7.881575 	 MCTS:7.873479 Improve:0.008096 	 Time:10.00 Seconds
Solution: 1 13 67 61 41 85 40 35 72 86 51 34 95 38 7 37 6 52 89 8 74 53 30 64 99 73 17 22 60 26 87 18 9 69 77 81 63 23 65 50 75 11 12 79 54 32 98 49 82 4 70 21 45 78 90 36 19 76 68 96 20 2 83 100 28 59 5 46 24 15 31 58 66 80 56 16 43 71 55 27 3 29 33 39 97 93 94 25 10 48 88 14 47 42 44 84 62 92 57 91 

Inst_Index:20 	 City_Num:100 	 Concorde:7.779821 	 MCTS:7.776020 Improve:0.003802 	 Time:10.00 Seconds
Solution: 1 9 47 20 67 48 84 49 38 26 90 39 42 5 59 35 64 15 33 55 24 75 85 92 58 50 45 82 17 43 25 80 6 16 53 81 29 34 62 56 99 71 60 88 100 76 32 72 51 86 46 65 70 22 3 89 7 93 23 94 96 61 87 31 10 41 14 27 69 30 19 97 68 63 54 8 57 18 28 13 77 79 40 73 2 98 66 91 4 44 36 37 21 11 74 12 52 95 83 78 


Avg_Concorde_Distance: 7.830698 Avg_MCTS_Distance: 7.824750 Avg_Gap: -0.000758 Total_Time: 113.68 Seconds 
 Beat_Best_Known_Times: 2 Match_Best_Known_Times: 0 Miss_Best_Known_Times: 0 
