Number_of_Instances_In_Current_Batch: 2

Inst_Index:41 	 City_Num:100 	 Concorde:7.731254 	 MCTS:7.731030 Improve:0.000224 	 Time:10.00 Seconds
Solution: 1 59 50 43 74 45 35 99 78 34 54 90 51 7 72 68 25 2 14 97 28 11 10 69 52 79 9 49 71 30 95 22 42 48 15 67 96 32 58 94 62 65 76 18 66 13 46 6 75 100 87 70 84 38 77 82 39 41 31 61 53 27 12 20 17 83 37 21 44 64 29 81 89 3 19 56 16 85 23 26 92 4 86 5 91 80 63 55 24 40 93 98 88 57 73 36 47 60 33 8 

Inst_Index:42 	 City_Num:100 	 Concorde:7.565384 	 MCTS:7.565384 Improve:-0.000000 	 Time:10.00 Seconds
Solution: 1 75 19 39 99 30 72 76 43 60 8 91 71 69 48 17 36 54 51 50 41 27 18 67 7 94 10 12 21 81 28 34 56 9 58 47 63 37 73 15 45 11 98 33 82 92 14 93 89 74 35 59 31 95 84 46 57 66 5 62 100 64 42 55 16 90 22 2 38 4 70 49 52 68 25 20 61 96 88 83 77 32 65 40 24 3 78 26 80 79 53 44 29 97 23 86 85 13 6 87 


Avg_Concorde_Distance: 7.648319 Avg_MCTS_Distance: 7.648207 Avg_Gap: -0.000014 Total_Time: 101.44 Seconds 
 Beat_Best_Known_Times: 1 Match_Best_Known_Times: 1 Miss_Best_Known_Times: 0 
