Number_of_Instances_In_Current_Batch: 2

Inst_Index:47 	 City_Num:100 	 Concorde:7.831263 	 MCTS:7.831263 Improve:-0.000000 	 Time:10.02 Seconds
Solution: 1 96 24 23 87 26 34 54 68 90 56 82 43 10 97 35 27 39 41 36 7 48 61 94 16 67 52 4 14 44 47 92 69 73 81 19 30 76 64 80 65 25 59 100 55 75 28 84 88 42 66 72 79 8 45 51 20 71 99 89 40 62 77 86 95 3 38 83 2 29 12 70 85 63 49 6 32 21 9 33 50 15 60 13 31 22 98 93 37 91 46 53 74 5 57 17 18 11 58 78 

Inst_Index:48 	 City_Num:100 	 Concorde:7.880499 	 MCTS:7.871598 Improve:0.008902 	 Time:10.01 Seconds
Solution: 1 22 33 20 75 95 4 97 8 5 90 15 65 82 56 21 59 45 86 37 71 16 6 79 89 46 18 85 67 93 23 12 57 92 34 60 38 17 42 76 73 68 49 78 43 100 55 74 66 3 31 13 24 39 36 14 28 87 2 54 41 44 32 40 83 94 64 91 62 72 50 51 58 77 52 80 48 27 35 7 96 11 61 30 69 70 29 63 84 99 9 19 53 47 81 10 98 26 25 88 


Avg_Concorde_Distance: 7.855881 Avg_MCTS_Distance: 7.851430 Avg_Gap: -0.000565 Total_Time: 120.49 Seconds 
 Beat_Best_Known_Times: 1 Match_Best_Known_Times: 1 Miss_Best_Known_Times: 0 
