Number_of_Instances_In_Current_Batch: 2

Inst_Index:33 	 City_Num:100 	 Concorde:7.956011 	 MCTS:7.951795 Improve:0.004216 	 Time:10.00 Seconds
Solution: 1 38 18 94 76 19 87 65 47 40 49 80 27 68 51 5 17 54 42 30 88 46 36 41 10 43 52 23 70 12 34 58 95 31 91 35 61 20 63 7 8 90 82 85 50 57 26 2 28 48 97 25 86 22 53 60 62 11 93 69 32 21 77 3 45 55 56 67 72 79 98 24 100 78 6 9 96 14 99 29 75 83 73 92 37 39 44 33 89 74 4 66 64 81 16 84 59 71 13 15 

Inst_Index:34 	 City_Num:100 	 Concorde:7.798200 	 MCTS:7.797214 Improve:0.000986 	 Time:10.00 Seconds
Solution: 1 99 86 8 34 90 80 59 9 93 33 5 55 23 67 32 92 14 19 65 28 37 11 61 60 18 2 7 63 46 70 76 79 68 26 82 47 96 17 73 83 42 48 41 22 57 64 4 20 6 49 95 43 81 50 62 85 66 69 84 45 97 52 98 78 87 44 25 94 89 15 72 77 91 12 10 29 74 53 31 30 24 27 56 40 58 38 35 21 3 88 36 51 16 13 39 100 75 54 71 


Avg_Concorde_Distance: 7.877105 Avg_MCTS_Distance: 7.874504 Avg_Gap: -0.000328 Total_Time: 130.48 Seconds 
 Beat_Best_Known_Times: 2 Match_Best_Known_Times: 0 Miss_Best_Known_Times: 0 
