Number_of_Instances_In_Current_Batch: 2

Inst_Index:9 	 City_Num:100 	 Concorde:7.346397 	 MCTS:7.342738 Improve:0.003659 	 Time:10.01 Seconds
Solution: 1 14 63 56 100 18 34 98 81 77 20 78 3 17 52 47 62 97 89 68 76 53 30 7 80 87 95 22 74 90 21 42 69 8 57 36 25 99 70 28 82 60 32 64 93 23 48 26 71 19 66 46 43 24 59 96 88 10 41 84 55 86 4 31 40 50 83 91 94 44 29 85 15 5 75 79 38 61 6 67 51 39 13 35 54 9 45 49 2 73 11 16 72 12 58 37 65 92 27 33 

Inst_Index:10 	 City_Num:100 	 Concorde:7.594592 	 MCTS:7.616413 Improve:-0.021821 	 Time:10.00 Seconds
Solution: 1 42 52 71 88 73 68 25 99 7 78 6 87 16 41 96 90 3 38 47 36 23 98 64 82 10 12 40 76 59 60 11 48 44 37 79 20 92 54 26 57 9 77 63 94 17 29 72 43 70 86 74 18 66 62 30 55 39 85 4 61 81 75 32 46 93 100 65 97 80 67 15 31 5 91 58 35 33 27 51 34 50 24 49 8 28 56 2 83 13 89 53 21 22 69 84 19 45 95 14 


Avg_Concorde_Distance: 7.470495 Avg_MCTS_Distance: 7.479575 Avg_Gap: 0.001188 Total_Time: 128.23 Seconds 
 Beat_Best_Known_Times: 1 Match_Best_Known_Times: 0 Miss_Best_Known_Times: 1 
