Number_of_Instances_In_Current_Batch: 2

Inst_Index:25 	 City_Num:100 	 Concorde:8.272973 	 MCTS:8.272973 Improve:0.000000 	 Time:10.00 Seconds
Solution: 1 8 69 18 85 52 57 90 23 68 99 49 80 29 96 17 5 34 11 41 55 87 89 14 54 28 12 6 46 40 22 65 79 3 7 4 30 37 31 95 92 21 15 39 76 27 58 33 78 86 24 94 44 72 63 56 32 53 82 51 70 66 64 43 73 62 10 77 2 84 38 35 16 13 60 97 93 83 88 71 48 9 75 61 98 91 67 20 59 19 26 42 100 74 25 36 50 47 81 45 

Inst_Index:26 	 City_Num:100 	 Concorde:7.405316 	 MCTS:7.405316 Improve:-0.000000 	 Time:10.01 Seconds
Solution: 1 34 35 43 82 75 41 73 95 52 42 47 44 96 46 17 56 64 2 58 72 77 94 89 78 3 51 80 9 16 40 90 76 11 19 30 71 21 49 61 88 66 68 14 15 48 55 86 29 37 12 93 32 85 7 8 98 54 25 57 67 50 91 92 83 24 23 69 10 84 59 28 99 81 18 79 97 13 22 74 4 63 26 33 38 62 6 39 100 45 60 36 5 27 65 70 87 53 31 20 


Avg_Concorde_Distance: 7.839144 Avg_MCTS_Distance: 7.839144 Avg_Gap: 0.000000 Total_Time: 103.23 Seconds 
 Beat_Best_Known_Times: 0 Match_Best_Known_Times: 2 Miss_Best_Known_Times: 0 
