Number_of_Instances_In_Current_Batch: 2

Inst_Index:21 	 City_Num:100 	 Concorde:8.069426 	 MCTS:8.068875 Improve:0.000552 	 Time:10.01 Seconds
Solution: 1 26 60 27 5 49 54 73 10 90 12 82 39 69 94 88 96 24 22 85 51 48 75 21 53 66 52 13 86 97 28 31 6 89 92 58 20 7 41 77 57 38 15 46 16 3 80 65 43 84 11 91 55 78 40 72 56 59 33 100 63 35 8 9 64 67 79 81 19 61 71 25 98 50 68 14 44 99 36 18 34 95 30 4 23 62 74 45 2 76 87 42 70 93 83 29 47 17 32 37 

Inst_Index:22 	 City_Num:100 	 Concorde:7.561332 	 MCTS:7.554236 Improve:0.007095 	 Time:10.01 Seconds
Solution: 1 26 97 39 3 37 89 67 94 47 50 5 10 17 93 62 11 56 22 21 92 71 9 13 27 46 42 79 82 12 51 68 44 61 52 55 66 64 77 20 14 63 4 84 59 32 73 25 58 23 18 69 8 7 75 65 86 29 98 85 76 100 72 31 41 96 91 88 2 19 15 35 36 33 43 81 38 83 49 45 95 6 24 80 78 57 28 70 54 16 48 60 74 53 40 87 90 99 30 34 


Avg_Concorde_Distance: 7.815379 Avg_MCTS_Distance: 7.811556 Avg_Gap: -0.000503 Total_Time: 129.68 Seconds 
 Beat_Best_Known_Times: 2 Match_Best_Known_Times: 0 Miss_Best_Known_Times: 0 
