Number_of_Instances_In_Current_Batch: 2

Inst_Index:61 	 City_Num:100 	 Concorde:7.523819 	 MCTS:7.521006 Improve:0.002813 	 Time:10.00 Seconds
Solution: 1 81 64 77 100 24 84 30 67 42 14 9 16 36 52 47 41 91 38 92 40 69 28 20 10 21 98 22 62 2 59 56 23 70 90 33 75 44 80 53 73 63 34 57 76 71 74 61 35 27 54 29 94 87 25 5 46 93 55 12 6 19 31 86 43 88 68 4 95 26 97 83 78 17 49 72 89 7 60 48 66 18 11 51 85 13 96 32 39 50 15 79 45 82 37 58 3 65 99 8 

Inst_Index:62 	 City_Num:100 	 Concorde:7.635838 	 MCTS:7.635838 Improve:0.000000 	 Time:10.00 Seconds
Solution: 1 62 25 47 69 52 33 53 72 18 37 73 43 78 88 94 39 81 83 20 19 2 35 74 51 10 15 36 22 3 82 97 64 60 95 26 84 77 75 8 40 55 9 98 16 27 86 41 45 38 70 57 42 76 80 63 85 71 7 5 23 13 96 17 67 54 31 65 56 92 99 30 59 14 21 4 66 11 6 89 93 68 91 87 90 34 29 24 79 12 46 61 32 58 100 44 50 48 49 28 


Avg_Concorde_Distance: 7.579828 Avg_MCTS_Distance: 7.578422 Avg_Gap: -0.000187 Total_Time: 118.08 Seconds 
 Beat_Best_Known_Times: 1 Match_Best_Known_Times: 1 Miss_Best_Known_Times: 0 
