Number_of_Instances_In_Current_Batch: 2

Inst_Index:17 	 City_Num:100 	 Concorde:7.989886 	 MCTS:7.981653 Improve:0.008234 	 Time:10.02 Seconds
Solution: 1 59 51 15 95 30 31 37 61 76 6 85 52 81 96 21 35 24 48 65 3 11 20 36 71 53 2 17 75 69 78 87 16 70 33 39 23 77 60 13 25 66 32 45 43 58 9 18 14 94 38 8 40 82 73 7 97 34 12 64 92 91 27 26 80 44 79 90 41 68 10 62 67 84 88 63 28 47 72 93 86 83 57 50 74 22 99 49 54 4 89 29 98 56 5 100 55 42 19 46 

Inst_Index:18 	 City_Num:100 	 Concorde:8.203037 	 MCTS:8.220459 Improve:-0.017423 	 Time:10.00 Seconds
Solution: 1 45 77 44 39 17 85 43 50 88 63 9 7 57 53 12 2 82 70 25 60 95 26 22 41 29 49 38 65 55 92 100 3 11 97 48 69 68 87 83 23 91 61 99 58 64 73 6 16 32 42 14 51 10 96 19 81 94 37 47 98 46 13 31 21 54 93 62 79 52 34 28 18 30 72 35 78 33 36 74 40 66 59 27 15 56 24 89 67 75 71 76 90 5 84 4 20 86 80 8 


Avg_Concorde_Distance: 8.096461 Avg_MCTS_Distance: 8.101056 Avg_Gap: 0.000547 Total_Time: 119.92 Seconds 
 Beat_Best_Known_Times: 1 Match_Best_Known_Times: 0 Miss_Best_Known_Times: 1 
