Number_of_Instances_In_Current_Batch: 2

Inst_Index:39 	 City_Num:100 	 Concorde:7.965026 	 MCTS:7.960851 Improve:0.004175 	 Time:10.00 Seconds
Solution: 1 19 2 7 73 41 35 87 39 45 14 26 68 98 16 15 29 8 94 4 44 13 92 21 31 33 96 70 3 71 49 95 100 55 60 54 99 74 81 47 84 11 32 64 23 12 67 51 72 61 66 97 6 24 76 80 58 5 37 22 69 40 10 89 52 53 91 38 18 9 34 25 56 65 43 78 62 93 30 88 85 63 57 86 28 77 20 83 75 48 79 27 90 59 17 82 46 36 42 50 

Inst_Index:40 	 City_Num:100 	 Concorde:7.860474 	 MCTS:7.860474 Improve:0.000000 	 Time:10.02 Seconds
Solution: 1 96 27 81 42 45 53 26 99 64 100 35 20 55 39 59 36 95 60 69 50 25 9 12 48 54 77 49 33 97 40 93 70 37 74 67 34 63 73 19 31 4 3 98 61 65 94 89 79 11 86 90 7 15 78 87 91 82 28 32 10 2 46 88 24 84 57 76 30 44 62 68 52 72 80 16 58 83 18 23 6 14 66 21 71 17 92 8 5 56 51 75 41 13 47 29 22 43 38 85 


Avg_Concorde_Distance: 7.912750 Avg_MCTS_Distance: 7.910662 Avg_Gap: -0.000262 Total_Time: 119.51 Seconds 
 Beat_Best_Known_Times: 1 Match_Best_Known_Times: 1 Miss_Best_Known_Times: 0 
