Number_of_Instances_In_Current_Batch: 2

Inst_Index:23 	 City_Num:100 	 Concorde:7.988925 	 MCTS:7.987629 Improve:0.001296 	 Time:10.01 Seconds
Solution: 1 27 49 29 14 94 70 7 46 44 24 92 47 54 33 34 85 8 32 43 17 23 64 98 68 65 67 69 28 100 56 45 25 51 5 97 71 11 2 36 52 95 79 78 99 40 19 53 26 74 61 4 10 87 81 96 83 80 58 77 16 12 6 63 89 20 86 42 90 55 60 3 31 13 84 30 18 37 62 73 38 88 66 57 21 50 75 48 93 39 82 15 72 59 76 41 9 91 22 35 

Inst_Index:24 	 City_Num:100 	 Concorde:7.882866 	 MCTS:7.880515 Improve:0.002352 	 Time:10.00 Seconds
Solution: 1 46 86 47 79 71 25 11 52 82 48 58 69 4 61 53 92 65 75 6 38 64 8 97 34 43 17 80 63 55 91 67 98 95 28 23 70 68 22 21 87 3 30 59 14 10 60 72 33 12 9 56 27 66 62 44 20 41 76 89 78 96 90 94 5 42 15 81 32 40 57 31 49 35 100 18 77 26 85 13 93 99 29 36 83 24 45 37 50 84 2 39 19 88 7 73 16 51 54 74 


Avg_Concorde_Distance: 7.935896 Avg_MCTS_Distance: 7.934072 Avg_Gap: -0.000230 Total_Time: 120.43 Seconds 
 Beat_Best_Known_Times: 2 Match_Best_Known_Times: 0 Miss_Best_Known_Times: 0 
