Number_of_Instances_In_Current_Batch: 2

Inst_Index:15 	 City_Num:100 	 Concorde:7.656623 	 MCTS:7.655603 Improve:0.001020 	 Time:10.02 Seconds
Solution: 1 20 39 72 63 2 81 77 8 10 45 94 40 96 91 21 79 3 76 69 68 73 86 13 41 28 84 33 67 43 23 30 22 92 31 100 54 52 50 97 49 32 66 11 55 56 53 37 26 65 27 9 14 25 62 15 57 93 17 36 64 4 60 90 99 83 38 78 47 85 51 19 98 70 80 29 95 82 48 88 71 7 6 42 87 24 44 34 46 12 75 35 5 59 16 58 18 89 61 74 

Inst_Index:16 	 City_Num:100 	 Concorde:7.491823 	 MCTS:7.491823 Improve:0.000000 	 Time:10.01 Seconds
Solution: 1 75 36 46 55 42 70 17 40 22 35 38 31 5 61 25 88 93 2 27 74 83 71 7 39 32 56 13 20 78 79 30 94 82 51 80 57 73 53 100 77 4 3 62 67 23 21 89 60 64 96 10 95 65 76 37 87 92 41 34 44 9 18 8 98 48 26 58 72 16 43 47 14 28 90 86 97 81 19 84 49 66 15 59 24 52 11 63 45 54 6 50 69 99 29 33 85 91 68 12 


Avg_Concorde_Distance: 7.574223 Avg_MCTS_Distance: 7.573713 Avg_Gap: -0.000067 Total_Time: 111.26 Seconds 
 Beat_Best_Known_Times: 1 Match_Best_Known_Times: 1 Miss_Best_Known_Times: 0 
