Number_of_Instances_In_Current_Batch: 2

Inst_Index:3 	 City_Num:100 	 Concorde:7.846017 	 MCTS:7.846017 Improve:0.000000 	 Time:10.00 Seconds
Solution: 1 9 67 82 54 44 50 21 61 46 96 12 42 60 86 56 68 13 74 76 69 88 11 62 6 4 32 91 95 71 94 43 22 52 35 63 14 92 39 84 15 36 83 23 81 89 24 33 93 19 29 66 40 75 98 53 100 26 28 77 27 17 45 5 64 55 72 78 16 48 47 2 38 25 87 18 90 8 57 58 30 85 20 7 79 59 73 41 70 31 80 99 10 65 97 3 34 49 51 37 

Inst_Index:4 	 City_Num:100 	 Concorde:8.113325 	 MCTS:8.106736 Improve:0.006589 	 Time:10.00 Seconds
Solution: 1 52 23 67 51 50 7 83 48 27 58 64 93 21 85 41 59 34 15 70 49 73 29 5 60 99 55 92 65 32 88 30 84 78 2 46 45 22 79 39 69 17 13 98 25 9 31 4 12 10 28 53 87 77 97 74 8 26 95 90 82 11 40 57 44 68 33 54 89 47 63 35 81 24 94 71 66 43 61 6 19 42 56 72 76 96 36 18 38 20 100 91 37 80 62 86 14 3 16 75 


Avg_Concorde_Distance: 7.979671 Avg_MCTS_Distance: 7.976377 Avg_Gap: -0.000406 Total_Time: 114.80 Seconds 
 Beat_Best_Known_Times: 1 Match_Best_Known_Times: 1 Miss_Best_Known_Times: 0 
