Number_of_Instances_In_Current_Batch: 2

Inst_Index:27 	 City_Num:100 	 Concorde:7.865600 	 MCTS:7.865600 Improve:0.000000 	 Time:10.00 Seconds
Solution: 1 11 52 22 47 9 91 98 70 45 31 42 88 60 83 54 3 96 59 18 95 51 81 78 5 32 86 40 6 17 44 67 82 49 99 58 85 90 24 100 74 41 27 56 68 38 63 21 48 53 94 8 77 29 12 4 71 15 69 97 37 13 61 57 7 2 28 36 55 75 30 10 79 39 62 46 89 73 35 65 26 72 43 50 20 76 80 93 19 92 33 34 23 66 14 16 84 87 25 64 

Inst_Index:28 	 City_Num:100 	 Concorde:7.730149 	 MCTS:7.730149 Improve:-0.000000 	 Time:10.02 Seconds
Solution: 1 16 100 24 75 78 86 81 73 36 95 25 32 9 91 6 42 90 57 23 62 29 65 51 99 49 87 53 12 48 33 66 76 64 2 21 84 22 35 68 71 96 10 72 80 41 37 67 63 18 8 3 39 55 85 28 7 19 27 52 69 93 61 54 56 97 59 77 50 4 82 83 13 74 15 30 11 14 89 17 38 31 34 70 88 58 47 5 43 46 40 92 26 20 79 45 44 98 60 94 


Avg_Concorde_Distance: 7.797875 Avg_MCTS_Distance: 7.797875 Avg_Gap: 0.000000 Total_Time: 103.08 Seconds 
 Beat_Best_Known_Times: 0 Match_Best_Known_Times: 2 Miss_Best_Known_Times: 0 
