Number_of_Instances_In_Current_Batch: 2

Inst_Index:37 	 City_Num:100 	 Concorde:8.041179 	 MCTS:8.041179 Improve:0.000000 	 Time:10.00 Seconds
Solution: 1 97 32 68 19 33 22 67 39 47 20 26 38 89 60 40 57 7 24 96 34 15 62 76 83 46 100 58 98 63 13 18 53 30 64 4 80 79 91 12 55 11 77 10 42 17 36 87 56 73 94 86 50 35 41 44 9 45 6 21 69 29 70 99 74 65 95 90 93 43 81 37 3 31 8 72 27 82 5 92 84 85 66 14 23 59 25 78 28 48 49 2 52 51 75 54 61 71 16 88 

Inst_Index:38 	 City_Num:100 	 Concorde:7.984121 	 MCTS:7.981185 Improve:0.002935 	 Time:10.01 Seconds
Solution: 1 80 31 12 33 42 11 100 84 4 99 43 24 3 92 98 77 34 35 16 52 8 6 46 94 18 67 20 69 26 71 73 88 47 40 75 65 91 9 64 57 25 78 95 32 10 53 56 60 44 61 62 39 58 68 55 45 21 59 54 15 74 76 13 81 22 83 97 79 7 27 82 70 41 87 66 49 2 37 28 19 5 93 17 63 36 85 86 50 38 90 48 72 89 30 96 23 29 51 14 


Avg_Concorde_Distance: 8.012650 Avg_MCTS_Distance: 8.011182 Avg_Gap: -0.000184 Total_Time: 118.88 Seconds 
 Beat_Best_Known_Times: 1 Match_Best_Known_Times: 1 Miss_Best_Known_Times: 0 
